Date,Number of Words,Accumulated
2025-04-01,140,140
2025-04-02,602,742
2025-04-03,1617,2359
2025-04-04,1012,3371
2025-04-05,1899,5270
2025-04-06,2920,8190
2025-04-07,3234,11424
2025-04-08,4492,15916
2025-04-09,1302,17218
2025-04-10,325,17543
2025-04-11,1987,19530
2025-04-12,1272,20802
2025-04-13,2452,23254
2025-04-14,1210,24464
2025-04-15,932,25396
2025-04-16,2211,27607
2025-04-17,3259,30866
2025-04-18,2451,33317
2025-04-19,3337,36654
2025-04-20,204,36858
2025-04-21,2210,39068
2025-04-22,518,39586
2025-04-23,2109,41695
2025-04-24,1361,43056
2025-04-25,379,43435
2025-04-26,1589,45024
2025-04-27,1815,46839
2025-04-28,4190,51029
2025-04-29,1873,52902
2025-04-30,975,53877