Date,Number of Flows,Accumulated
2025-07-01,6,6
2025-07-02,8,14
2025-07-03,8,22
2025-07-04,8,30
2025-07-05,6,36
2025-07-06,5,41
2025-07-07,7,48
2025-07-08,7,55
2025-07-09,6,61
2025-07-10,7,68
2025-07-11,6,74
2025-07-12,5,79
2025-07-13,7,86
2025-07-14,8,94
2025-07-15,7,101
2025-07-16,5,106
2025-07-17,7,113
2025-07-18,7,120
2025-07-19,8,128
2025-07-20,2,130
2025-07-21,5,135
2025-07-22,8,143
2025-07-23,8,151
2025-07-24,7,158
2025-07-25,7,165
2025-07-26,7,172
2025-07-27,5,177
2025-07-28,7,184
2025-07-29,8,192
2025-07-30,8,200
2025-07-31,7,207