Date,Number of Words,Accumulated
2025-07-01,874,874
2025-07-02,3330,4204
2025-07-03,2421,6625
2025-07-04,497,7122
2025-07-05,569,7691
2025-07-06,0,7691
2025-07-07,690,8381
2025-07-08,1368,9749
2025-07-09,440,10189
2025-07-10,995,11184
2025-07-11,440,11624
2025-07-12,2424,14048
2025-07-13,1712,15760
2025-07-14,285,16045
2025-07-15,904,16949
2025-07-16,1102,18051
2025-07-17,440,18491
2025-07-18,735,19226
2025-07-19,325,19551
2025-07-20,306,19857
2025-07-21,542,20399
2025-07-22,2396,22795
2025-07-23,1173,23968
2025-07-24,1066,25034
2025-07-25,2246,27280
2025-07-26,999,28279
2025-07-27,1536,29815
2025-07-28,1761,31576
2025-07-29,773,32349
2025-07-30,879,33228
2025-07-31,2190,35418