Date,Number of Words,Accumulated
2025-08-01,536,536
2025-08-02,668,1204
2025-08-03,699,1903
2025-08-04,1646,3549
2025-08-05,2207,5756
2025-08-06,508,6264
2025-08-07,703,6967
2025-08-08,365,7332
2025-08-09,324,7656
2025-08-10,671,8327
2025-08-11,238,8565
2025-08-12,729,9294
2025-08-13,543,9837
2025-08-14,1400,11237
2025-08-15,967,12204
2025-08-16,780,12984
2025-08-17,0,12984
2025-08-18,510,13494
2025-08-19,532,14026
2025-08-20,120,14146
2025-08-21,1127,15273
2025-08-22,2325,17598
2025-08-23,668,18266
2025-08-24,405,18671
2025-08-25,1379,20050
2025-08-26,1848,21898
2025-08-27,845,22743
2025-08-28,81,22824
2025-08-29,1533,24357
2025-08-30,745,25102
2025-08-31,1688,26790