Date,Number of Words,Accumulated
2025-02-01,594,594
2025-02-02,1113,1707
2025-02-03,3533,5240
2025-02-04,2753,7993
2025-02-05,2472,10465
2025-02-06,2489,12954
2025-02-07,2182,15136
2025-02-08,1451,16587
2025-02-09,1331,17918
2025-02-10,2800,20718
2025-02-11,1268,21986
2025-02-12,1250,23236
2025-02-13,2211,25447
2025-02-14,866,26313
2025-02-15,1101,27414
2025-02-16,759,28173
2025-02-17,2881,31054
2025-02-18,1532,32586
2025-02-19,1865,34451
2025-02-20,1446,35897
2025-02-21,2013,37910
2025-02-22,1589,39599
2025-02-23,1420,41019
2025-02-24,2655,43674
2025-02-25,885,44559
2025-02-26,3024,47583
2025-02-27,1438,49021
2025-02-28,1198,50219