Date,Number of Words,Accumulated
2025-01-01,973,973
2025-01-02,1072,2045
2025-01-03,401,2446
2025-01-04,1286,3732
2025-01-05,496,4228
2025-01-06,2996,7224
2025-01-07,1138,8362
2025-01-08,1707,10069
2025-01-09,664,10733
2025-01-10,2914,13647
2025-01-11,1495,15142
2025-01-12,1967,17109
2025-01-13,517,17626
2025-01-14,647,18273
2025-01-15,847,19120
2025-01-16,608,19728
2025-01-17,798,20526
2025-01-18,1407,21933
2025-01-19,537,22470
2025-01-20,732,23202
2025-01-21,741,23943
2025-01-22,548,24491
2025-01-23,2078,26569
2025-01-24,749,27318
2025-01-25,955,28273
2025-01-26,1727,29900
2025-01-27,1434,31334
2025-01-28,1173,32507
2025-01-29,995,33502
2025-01-30,1529,35031
2025-01-31,249,35280