Date,Number of Words,Accumulated
2025-05-01,911,911
2025-05-02,1389,2300
2025-05-03,2067,4367
2025-05-04,413,4780
2025-05-05,101,4881
2025-05-06,114,4995
2025-05-07,716,5711
2025-05-08,4242,9953
2025-05-09,1157,11110
2025-05-10,1795,12905
2025-05-11,1496,14401
2025-05-12,1853,16254
2025-05-13,2327,18581
2025-05-14,1522,20103
2025-05-15,2151,22254
2025-05-16,866,23120
2025-05-17,3654,26774
2025-05-18,2398,29172
2025-05-19,3471,32643
2025-05-20,1601,34244
2025-05-21,3191,37435
2025-05-22,4315,41750
2025-05-23,1702,43452
2025-05-24,1384,44836
2025-05-25,1195,46031
2025-05-26,3278,49309
2025-05-27,4264,53573
2025-05-28,1590,55163
2025-05-29,412,55575
2025-05-30,1912,57487
2025-05-31,758,58245