Date,Number of Words,Accumulated
2025-09-01,657,657
2025-09-02,1113,1770
2025-09-03,738,2508
2025-09-04,644,3152
2025-09-05,1313,4465
2025-09-06,437,4902
2025-09-07,0,4902
2025-09-08,0,4902
2025-09-09,0,4902
2025-09-10,0,4902
2025-09-11,0,4902
2025-09-12,0,4902
2025-09-13,0,4902
2025-09-14,0,4902
2025-09-15,0,4902
2025-09-16,0,4902
2025-09-17,0,4902
2025-09-18,0,4902
2025-09-19,0,4902
2025-09-20,999,5901
2025-09-21,1351,7252
2025-09-22,1021,8273
2025-09-23,4671,12944
2025-09-24,5023,17967
2025-09-25,872,18839
2025-09-26,1903,20742
2025-09-27,2898,23640
2025-09-28,1712,25352
2025-09-29,5869,31221
2025-09-30,887,32108