Date,Number of Words,Accumulated
2025-03-01,1780,1780
2025-03-02,386,2166
2025-03-03,931,3097
2025-03-04,234,3331
2025-03-05,2264,5595
2025-03-06,1222,6817
2025-03-07,1422,8239
2025-03-08,1710,9949
2025-03-09,644,10593
2025-03-10,919,11512
2025-03-11,725,12237
2025-03-12,272,12509
2025-03-13,966,13475
2025-03-14,1592,15067
2025-03-15,554,15621
2025-03-16,68,15689
2025-03-17,1566,17255
2025-03-18,426,17681
2025-03-19,1187,18868
2025-03-20,1380,20248
2025-03-21,967,21215
2025-03-22,537,21752
2025-03-23,203,21955
2025-03-24,729,22684
2025-03-25,275,22959
2025-03-26,246,23205
2025-03-27,200,23405
2025-03-28,1915,25320
2025-03-29,318,25638
2025-03-30,692,26330
2025-03-31,547,26877