Date,Number of Words,Accumulated
2025-06-01,470,470
2025-06-02,115,585
2025-06-03,1137,1722
2025-06-04,788,2510
2025-06-05,455,2965
2025-06-06,1230,4195
2025-06-07,92,4287
2025-06-08,46,4333
2025-06-09,1021,5354
2025-06-10,2948,8302
2025-06-11,2288,10590
2025-06-12,3139,13729
2025-06-13,492,14221
2025-06-14,84,14305
2025-06-15,1896,16201
2025-06-16,278,16479
2025-06-17,144,16623
2025-06-18,2025,18648
2025-06-19,846,19494
2025-06-20,1163,20657
2025-06-21,493,21150
2025-06-22,1434,22584
2025-06-23,348,22932
2025-06-24,219,23151
2025-06-25,0,23151
2025-06-26,2180,25331
2025-06-27,101,25432
2025-06-28,904,26336
2025-06-29,1420,27756
2025-06-30,1698,29454